#parameters
dose <- rep(1,100000)
alphaGamma <- 0.44
Pprev <- 0.25
#condPillinf <- 0.33
betaGamma <- 0.51
rPillinf <- 0.06
etaPillinf <- 0.88
