#############################
# start of Parameter script
#############################
T_start <- 2.002
T_end <- 19.98001998002
T_fixed <- 10.99
pH_start <- 4.004
pH_end <- 7.49250749250749
pH_fixed <- 5.75
aw_start <- 0.95095
aw_end <- 0.994005994005994
aw_fixed <- 0.97
visVar1 <- 'T'
visVar2 <- 'pH'
#############################
# end of Parameter script
#############################
