# set.seed(1234)
transferRateLower <- -3.7
transferRateUpper <- -1
meanPortion <- 189.0
sigmaCret <- 0.2
muCret <- 1.5
Pprev <- 0.25
niter <- 100000
upperPortion <- 1000.0
stdPortion <- 126.9

