#parameters
dose <- rep(1,100000)
alphaGamma <- 0.38
Pprev <- 0.25
betaGamma <- 0.51
rPillinf <- 0.76
etaPillinf <- 0.0092
